#5962048390
5962048390
1753214848
5455126928
915593024
2041467683
1712217280
2041467683
249078109
6250547250
1415662240
7168023655
2051721040
6336777240
1623577459
36485307
1467286930
6410663191
5828893985
5862200039
6948916305
6851863746
1903915881
5001009005
1066042990
880729490
1838318921
6412930244
6573482970
7119281114
7071525505
1857274541
5383303576
1514652766
5366726221
1183366448
243359814
6395611895
1484602882
1256496463
1140502941
6755948867
6896931040
5668751431
5706939911
5179608011
6497097149
997301415
677741738
316763858
6586553580
252770651
6248108329
2050901822
1742437036
959203220
1479338278
1479338278
1479338278
5523993068
1380797243
2001470865
214121004
6084039202
5817810337
1918525388
5760375257
1652384073
1910909342
6916633743
1663757512
1273378734
1754799887
7024600968
697447404
6178404390
5054018883
1113824706
227956510
1377539453
5666557643
6410919756
549089886
1646630236
185556437
2010370912
7107640963
1336402490
6358329011
6785264242
5321083200
6762126728
5528924384
7165961076
1794918116
6094581100
1011857801
6434368721
5672406023
6499118776
646106423
2015795218
1733124114
5102103129
613690137
196412715
1419605340
6469436370
1185185418
1327986860
5825578407
944762153
5386015037
5613001571
2134322282
6919630777
5213243673
1770127916
6986512179
5870301680
6119563540
1765398053
1211395822
279507528
6432017635
103691903
1916011433
863967538
1366155496
5821432635
1875602439
6178044912
6435910429
